6000159
60001590
3002020
30020200
6000126
60001260
6000301
60003010
2000031
20000310
6000335
60003350
6000020
60000200
4100280
41002800
0007932
00079320
0000759
00007590
6000070
60000700
6000266
60002660
6000084
60000840
6000065
60000650
6000014
60000140
9002972
90029720
6000139
60001390
6000290
60002900
2000028
20000280
1100017
11000170
8002274
80022740
6000083
60000830
5000265
50002650
6000214
60002140
6000271
60002710
1000063
10000630
0102435
01024350
6000023
60000230
2000037
20000370
6000153
60001530
6000235
60002350
6000276
60002760
6000009
60000090
5000188
50001880
9001317
90013170
6000327
60003270
6000076
60000760
1000947
10009470
2000019
20000190
6000189
60001890
6000231
60002310
3002905
30029050
6000050
60000500
6000118
60001180
0003728
00037280
6000151
60001510
0100241
01002410
6000354
60003540
3002909
30029090
0100892
01008920
6000193
60001930
6000180
60001800
6000274
60002740
9001184
90011840
1000061
10000610
6000173
60001730
9003135
90031350
6000225
60002250
6000112
60001120
6000079
60000790
6000039
60000390
0104194
01041940
6000152
60001520
9002004
90020040
6000293
60002930
1100030
11000300
0100026
01000260
6000292
60002920
6000245
60002450
6000166
60001660
9000868
90008680
2000004
20000040
0102403
01024030
6000046
60000460
6000168
60001680
6000053
60000530
3001421
30014210
0102234
01022340
6000176
60001760
6000219
60002190
5000182
50001820
6000006
60000060
3002206
30022060
0000176
00001760
6000010
60000100
6000034
60000340
8006302
80063020
6000317
60003170
6000032
60000320
6000013
60000130
6000248
60002480
6000136
60001360
6000106
60001060
0103344
01033440
6000259
60002590
6000092
60000920
1000105
10001050
5000133
50001330
6000320
60003200
0100030
01000300
6000162
60001620
6000186
60001860
8000811
80008110
0000047
00000470
6000022
60000220
2000008
20000080
1100014
11000140
0100164
01001640
1100006
11000060
0003178
00031780
6000098
60000980
6000148
60001480
6000212
60002120
3002082
30020820
6000305
60003050
6000252
60002520
1100007
11000070
5000205
50002050
5000184
50001840
0000382
00003820
8003131
80031310
5000190
50001900
6000012
60000120
6000228
60002280
6000067
60000670
6000194
60001940
6000130
60001300
1100029
11000290
4100066
41000660
6000258
60002580
5000150
50001500
6000069
60000690
6000187
60001870
1000929
10009290
4100246
41002460
6000227
60002270
6000102
60001020
6000073
60000730
6000055
60000550
6000003
60000030
6000116
60001160
6000127
60001270
1100016
11000160
9002861
90028610
9005245
90052450
6000355
60003550
5000180
50001800
6000308
60003080
5000164
50001640
6000063
60000630
6000071
60000710
9003301
90033010
2000034
20000340
1001770
10017700
9000136
90001360
9000127
90001270
6000179
60001790
2000033
20000330
6000298
60002980
0003957
00039570
6000041
60000410
6000339
60003390
6000146
60001460
6000120
60001200
6000029
60000290
5000191
50001910
2000022
20000220
6000315
60003150
9000002
90000020
5000124
50001240
2000023
20000230
5000200
50002000
6000178
60001780
6000027
60000270
0105146
01051460
6000036
60000360
6000249
60002490
6000008
60000080
9004427
90044270
9001071
90010710
0104019
01040190
6000255
60002550
3001230
30012300
9002474
90024740
5000174
50001740
1000288
10002880
9004879
90048790
5000144
50001440
1100005
11000050
6000074
60000740
9001991
90019910
6000085
60000850
3001336
30013360
6000105
60001050
6000338
60003380
1100003
11000030
5000016
50000160
6000322
60003220
9000747
90007470
0000059
00000590
6000183
60001830
6000331
60003310
5000122
50001220
9005273
90052730
3000076
30000760
0011003
00110030
0004069
00040690
6000277
60002770
3002411
30024110
3002221
30022210
3002154
30021540
6000280
60002800
3001891
30018910
0102534
01025340
6000026
60000260
6000285
60002850
6000206
60002060
6000140
60001400
6000049
60000490
5000165
50001650
0000697
00006970
6000128
60001280
8006160
80061600
1001195
10011950
9003378
90033780
6000155
60001550
6000256
60002560
0102566
01025660
5000163
50001630
1100013
11000130
2000032
20000320
0011073
00110730
6000096
60000960
9004965
90049650
6000144
60001440
1100031
11000310
3003356
30033560
6000156
60001560
6000025
60000250
6000209
60002090
0101488
01014880
9003635
90036350
9003836
90038360
1100008
11000080
9002577
90025770
0003793
00037930
6000000
60000000
9003333
90033330
0103256
01032560
9002114
90021140
0000643
00006430
3003448
30034480
0002755
00027550
5000129
50001290
6000109
60001090
9000928
90009280
0103740
01037400
6000031
60000310
6000030
60000300
6000019
60000190
6000158
60001580
0001677
00016770
3001569
30015690
9004368
90043680
2000042
20000420
6000125
60001250
5000147
50001470
6000319
60003190
9004581
90045810
3000072
30000720
6000344
60003440
0104439
01044390
6000300
60003000
6000044
60000440
9003423
90034230
9004066
90040660
6000337
60003370
6000278
60002780
6000184
60001840
6000224
60002240
6000061
60000610
6000167
60001670
3001826
30018260
3001061
30010610
2000003
20000030
8005616
80056160
0010950
00109500
3001004
30010040
6000080
60000800
5000194
50001940
6000267
60002670
8008545
80085450
6000326
60003260
9004383
90043830
9005105
90051050
3003122
30031220
6000232
60002320
5000121
50001210
6000171
60001710
6000306
60003060
6000243
60002430
6000018
60000180
6000269
60002690
6000062
60000620
1100001
11000010
0003463
00034630
0000794
00007940
6000286
60002860
6000042
60000420
6000150
60001500
0004774
00047740
3001018
30010180
9003116
90031160
6000303
60003030
6000001
60000010
6000233
60002330
9001034
90010340
2000025
20000250
6000283
60002830
3002340
30023400
3000469
30004690
6000295
60002950
3003791
30037910
6000307
60003070
6000172
60001720
6000094
60000940
6000208
60002080
3001460
30014600
2000002
20000020
6000302
60003020
3001131
30011310
6000104
60001040
6000263
60002630
9005011
90050110
6000332
60003320
6000239
60002390
6000281
60002810
1000615
10006150
6000081
60000810
0000952
00009520
6000260
60002600
5000196
50001960
6000169
60001690
0105064
01050640
6000262
60002620
5000198
50001980
6000093
60000930
5000202
50002020
5000257
50002570
0002136
00021360
9000210
90002100
1100011
11000110
3000716
30007160
0100113
01001130
6000323
60003230
0100579
01005790
6000340
60003400
6000135
60001350
9001713
90017130
6000082
60000820
5000130
50001300
6000341
60003410
2000012
20000120
6000244
60002440
2000041
20000410
6000145
60001450
6000311
60003110
6000222
60002220
6000268
60002680
8002764
80027640
0100787
01007870
6000185
60001850
0007323
00073230
6000273
60002730
0007545
00075450
6000021
60000210
6000066
60000660
0010830
00108300
6000333
60003330
5000199
50001990
5000173
50001730
9004766
90047660
0000072
00000720
6000181
60001810
6000241
60002410
5000126
50001260
6000254
60002540
1001184
10011840
3003322
30033220
8008099
80080990
9003339
90033390
0100091
01000910
0004498
00044980
6000330
60003300
6000089
60000890
0002395
00023950
4000086
40000860
6000016
60000160
9004971
90049710
6000210
60002100
6000318
60003180
6000328
60003280
1100009
11000090
6000353
60003530
5000172
50001720
1000580
10005800
6000038
60000380
0105305
01053050
0000087
00000870
6000161
60001610
6000196
60001960
6000218
60002180
1100025
11000250
8003836
80038360
9001300
90013000
6000284
60002840
6000051
60000510
5000181
50001810
9002090
90020900
2000036
20000360
6000349
60003490
6000174
60001740
6000088
60000880
6000188
60001880
0105159
01051590
6000275
60002750
6000160
60001600
6000211
60002110
6000177
60001770
3003731
30037310
5000119
50001190
0011116
00111160
3002594
30025940
6000215
60002150
6000099
60000990
6000195
60001950
6000075
60000750
6000237
60002370
6000352
60003520
6000165
60001650
1000097
10000970
0101121
01011210
6000002
60000020
1001688
10016880
5000128
50001280
0003423
00034230
8001155
80011550
0005074
00050740
6000045
60000450
0100132
01001320
5000132
50001320
0100477
01004770
0100855
01008550
6000015
60000150
9003234
90032340
6000090
60000900
6000246
60002460
60001591
30020201
60001261
60003011
20000311
60003351
60000201
41002801
00079321
00007591
60000701
60002661
60000841
60000651
60000141
90029721
60001391
60002901
20000281
11000171
80022741
60000831
50002651
60002141
60002711
10000631
01024351
60000231
20000371
60001531
60002351
60002761
60000091
50001881
90013171
60003271
60000761
10009471
20000191
60001891
60002311
30029051
60000501
60001181
00037281
60001511
01002411
60003541
30029091
01008921
60001931
60001801
60002741
90011841
10000611
60001731
90031351
60002251
60001121
60000791
60000391
01041941
60001521
90020041
60002931
11000301
01000261
60002921
60002451
60001661
90008681
20000041
01024031
60000461
60001681
60000531
30014211
01022341
60001761
60002191
50001821
60000061
30022061
00001761
60000101
60000341
80063021
60003171
60000321
60000131
60002481
60001361
60001061
01033441
60002591
60000921
10001051
50001331
60003201
01000301
60001621
60001861
80008111
00000471
60000221
20000081
11000141
01001641
11000061
00031781
60000981
60001481
60002121
30020821
60003051
60002521
11000071
50002051
50001841
00003821
80031311
50001901
60000121
60002281
60000671
60001941
60001301
11000291
41000661
60002581
50001501
60000691
60001871
10009291
41002461
60002271
60001021
60000731
60000551
60000031
60001161
60001271
11000161
90028611
90052451
60003551
50001801
60003081
50001641
60000631
60000711
90033011
20000341
10017701
90001361
90001271
60001791
20000331
60002981
00039571
60000411
60003391
60001461
60001201
60000291
50001911
20000221
60003151
90000021
50001241
20000231
50002001
60001781
60000271
01051461
60000361
60002491
60000081
90044271
90010711
01040191
60002551
30012301
90024741
50001741
10002881
90048791
50001441
11000051
60000741
90019911
60000851
30013361
60001051
60003381
11000031
50000161
60003221
90007471
00000591
60001831
60003311
50001221
90052731
30000761
00110031
00040691
60002771
30024111
30022211
30021541
60002801
30018911
01025341
60000261
60002851
60002061
60001401
60000491
50001651
00006971
60001281
80061601
10011951
90033781
60001551
60002561
01025661
50001631
11000131
20000321
00110731
60000961
90049651
60001441
11000311
30033561
60001561
60000251
60002091
01014881
90036351
90038361
11000081
90025771
00037931
60000001
90033331
01032561
90021141
00006431
30034481
00027551
50001291
60001091
90009281
01037401
60000311
60000301
60000191
60001581
00016771
30015691
90043681
20000421
60001251
50001471
60003191
90045811
30000721
60003441
01044391
60003001
60000441
90034231
90040661
60003371
60002781
60001841
60002241
60000611
60001671
30018261
30010611
20000031
80056161
00109501
30010041
60000801
50001941
60002671
80085451
60003261
90043831
90051051
30031221
60002321
50001211
60001711
60003061
60002431
60000181
60002691
60000621
11000011
00034631
00007941
60002861
60000421
60001501
00047741
30010181
90031161
60003031
60000011
60002331
90010341
20000251
60002831
30023401
30004691
60002951
30037911
60003071
60001721
60000941
60002081
30014601
20000021
60003021
30011311
60001041
60002631
90050111
60003321
60002391
60002811
10006151
60000811
00009521
60002601
50001961
60001691
01050641
60002621
50001981
60000931
50002021
50002571
00021361
90002101
11000111
30007161
01001131
60003231
01005791
60003401
60001351
90017131
60000821
50001301
60003411
20000121
60002441
20000411
60001451
60003111
60002221
60002681
80027641
01007871
60001851
00073231
60002731
00075451
60000211
60000661
00108301
60003331
50001991
50001731
90047661
00000721
60001811
60002411
50001261
60002541
10011841
30033221
80080991
90033391
01000911
00044981
60003301
60000891
00023951
40000861
60000161
90049711
60002101
60003181
60003281
11000091
60003531
50001721
10005801
60000381
01053051
00000871
60001611
60001961
60002181
11000251
80038361
90013001
60002841
60000511
50001811
90020901
20000361
60003491
60001741
60000881
60001881
01051591
60002751
60001601
60002111
60001771
30037311
50001191
00111161
30025941
60002151
60000991
60001951
60000751
60002371
60003521
60001651
10000971
01011211
60000021
10016881
50001281
00034231
80011551
00050741
60000451
01001321
50001321
01004771
01008551
60000151
90032341
60000901
60002461
60001592
30020202
60001262
60003012
20000312
60003352
60000202
41002802
00079322
00007592
60000702
60002662
60000842
60000652
60000142
90029722
60001392
60002902
20000282
11000172
80022742
60000832
50002652
60002142
60002712
10000632
01024352
60000232
20000372
60001532
60002352
60002762
60000092
50001882
90013172
60003272
60000762
10009472
20000192
60001892
60002312
30029052
60000502
60001182
00037282
60001512
01002412
60003542
30029092
01008922
60001932
60001802
60002742
90011842
10000612
60001732
90031352
60002252
60001122
60000792
60000392
01041942
60001522
90020042
60002932
11000302
01000262
60002922
60002452
60001662
90008682
20000042
01024032
60000462
60001682
60000532
30014212
01022342
60001762
60002192
50001822
60000062
30022062
00001762
60000102
60000342
80063022
60003172
60000322
60000132
60002482
60001362
60001062
01033442
60002592
60000922
10001052
50001332
60003202
01000302
60001622
60001862
80008112
00000472
60000222
20000082
11000142
01001642
11000062
00031782
60000982
60001482
60002122
30020822
60003052
60002522
11000072
50002052
50001842
00003822
80031312
50001902
60000122
60002282
60000672
60001942
60001302
11000292
41000662
60002582
50001502
60000692
60001872
10009292
41002462
60002272
60001022
60000732
60000552
60000032
60001162
60001272
11000162
90028612
90052452
60003552
50001802
60003082
50001642
60000632
60000712
90033012
20000342
10017702
90001362
90001272
60001792
20000332
60002982
00039572
60000412
60003392
60001462
60001202
60000292
50001912
20000222
60003152
90000022
50001242
20000232
50002002
60001782
60000272
01051462
60000362
60002492
60000082
90044272
90010712
01040192
60002552
30012302
90024742
50001742
10002882
90048792
50001442
11000052
60000742
90019912
60000852
30013362
60001052
60003382
11000032
50000162
60003222
90007472
00000592
60001832
60003312
50001222
90052732
30000762
00110032
00040692
60002772
30024112
30022212
30021542
60002802
30018912
01025342
60000262
60002852
60002062
60001402
60000492
50001652
00006972
60001282
80061602
10011952
90033782
60001552
60002562
01025662
50001632
11000132
20000322
00110732
60000962
90049652
60001442
11000312
30033562
60001562
60000252
60002092
01014882
90036352
90038362
11000082
90025772
00037932
60000002
90033332
01032562
90021142
00006432
30034482
00027552
50001292
60001092
90009282
01037402
60000312
60000302
60000192
60001582
00016772
30015692
90043682
20000422
60001252
50001472
60003192
90045812
30000722
60003442
01044392
60003002
60000442
90034232
90040662
60003372
60002782
60001842
60002242
60000612
60001672
30018262
30010612
20000032
80056162
00109502
30010042
60000802
50001942
60002672
80085452
60003262
90043832
90051052
30031222
60002322
50001212
60001712
60003062
60002432
60000182
60002692
60000622
11000012
00034632
00007942
60002862
60000422
60001502
00047742
30010182
90031162
60003032
60000012
60002332
90010342
20000252
60002832
30023402
30004692
60002952
30037912
60003072
60001722
60000942
60002082
30014602
20000022
60003022
30011312
60001042
60002632
90050112
60003322
60002392
60002812
10006152
60000812
00009522
60002602
50001962
60001692
01050642
60002622
50001982
60000932
50002022
50002572
00021362
90002102
11000112
30007162
01001132
60003232
01005792
60003402
60001352
90017132
60000822
50001302
60003412
20000122
60002442
20000412
60001452
60003112
60002222
60002682
80027642
01007872
60001852
00073232
60002732
00075452
60000212
60000662
00108302
60003332
50001992
50001732
90047662
00000722
60001812
60002412
50001262
60002542
10011842
30033222
80080992
90033392
01000912
00044982
60003302
60000892
00023952
40000862
60000162
90049712
60002102
60003182
60003282
11000092
60003532
50001722
10005802
60000382
01053052
00000872
60001612
60001962
60002182
11000252
80038362
90013002
60002842
60000512
50001812
90020902
20000362
60003492
60001742
60000882
60001882
01051592
60002752
60001602
60002112
60001772
30037312
50001192
00111162
30025942
60002152
60000992
60001952
60000752
60002372
60003522
60001652
10000972
01011212
60000022
10016882
50001282
00034232
80011552
00050742
60000452
01001322
50001322
01004772
01008552
60000152
90032342
60000902
60002462
60001593
30020203
60001263
60003013
20000313
60003353
60000203
41002803
00079323
00007593
60000703
60002663
60000843
60000653
60000143
90029723
60001393
60002903
20000283
11000173
80022743
60000833
50002653
60002143
60002713
10000633
01024353
60000233
20000373
60001533
60002353
60002763
60000093
50001883
90013173
60003273
60000763
10009473
20000193
60001893
60002313
30029053
60000503
60001183
00037283
60001513
01002413
60003543
30029093
01008923
60001933
60001803
60002743
90011843
10000613
60001733
90031353
60002253
60001123
60000793
60000393
01041943
60001523
90020043
60002933
11000303
01000263
60002923
60002453
60001663
90008683
20000043
01024033
60000463
60001683
60000533
30014213
01022343
60001763
60002193
50001823
60000063
30022063
00001763
60000103
60000343
80063023
60003173
60000323
60000133
60002483
60001363
60001063
01033443
60002593
60000923
10001053
50001333
60003203
01000303
60001623
60001863
80008113
00000473
60000223
20000083
11000143
01001643
11000063
00031783
60000983
60001483
60002123
30020823
60003053
60002523
11000073
50002053
50001843
00003823
80031313
50001903
60000123
60002283
60000673
60001943
60001303
11000293
41000663
60002583
50001503
60000693
60001873
10009293
41002463
60002273
60001023
60000733
60000553
60000033
60001163
60001273
11000163
90028613
90052453
60003553
50001803
60003083
50001643
60000633
60000713
90033013
20000343
10017703
90001363
90001273
60001793
20000333
60002983
00039573
60000413
60003393
60001463
60001203
60000293
50001913
20000223
60003153
90000023
50001243
20000233
50002003
60001783
60000273
01051463
60000363
60002493
60000083
90044273
90010713
01040193
60002553
30012303
90024743
50001743
10002883
90048793
50001443
11000053
60000743
90019913
60000853
30013363
60001053
60003383
11000033
50000163
60003223
90007473
00000593
60001833
60003313
50001223
90052733
30000763
00110033
00040693
60002773
30024113
30022213
30021543
60002803
30018913
01025343
60000263
60002853
60002063
60001403
60000493
50001653
00006973
60001283
80061603
10011953
90033783
60001553
60002563
01025663
50001633
11000133
20000323
00110733
60000963
90049653
60001443
11000313
30033563
60001563
60000253
60002093
01014883
90036353
90038363
11000083
90025773
00037933
60000003
90033333
01032563
90021143
00006433
30034483
00027553
50001293
60001093
90009283
01037403
60000313
60000303
60000193
60001583
00016773
30015693
90043683
20000423
60001253
50001473
60003193
90045813
30000723
60003443
01044393
60003003
60000443
90034233
90040663
60003373
60002783
60001843
60002243
60000613
60001673
30018263
30010613
20000033
80056163
00109503
30010043
60000803
50001943
60002673
80085453
60003263
90043833
90051053
30031223
60002323
50001213
60001713
60003063
60002433
60000183
60002693
60000623
11000013
00034633
00007943
60002863
60000423
60001503
00047743
30010183
90031163
60003033
60000013
60002333
90010343
20000253
60002833
30023403
30004693
60002953
30037913
60003073
60001723
60000943
60002083
30014603
20000023
60003023
30011313
60001043
60002633
90050113
60003323
60002393
60002813
10006153
60000813
00009523
60002603
50001963
60001693
01050643
60002623
50001983
60000933
50002023
50002573
00021363
90002103
11000113
30007163
01001133
60003233
01005793
60003403
60001353
90017133
60000823
50001303
60003413
20000123
60002443
20000413
60001453
60003113
60002223
60002683
80027643
01007873
60001853
00073233
60002733
00075453
60000213
60000663
00108303
60003333
50001993
50001733
90047663
00000723
60001813
60002413
50001263
60002543
10011843
30033223
80080993
90033393
01000913
00044983
60003303
60000893
00023953
40000863
60000163
90049713
60002103
60003183
60003283
11000093
60003533
50001723
10005803
60000383
01053053
00000873
60001613
60001963
60002183
11000253
80038363
90013003
60002843
60000513
50001813
90020903
20000363
60003493
60001743
60000883
60001883
01051593
60002753
60001603
60002113
60001773
30037313
50001193
00111163
30025943
60002153
60000993
60001953
60000753
60002373
60003523
60001653
10000973
01011213
60000023
10016883
50001283
00034233
80011553
00050743
60000453
01001323
50001323
01004773
01008553
60000153
90032343
60000903
60002463
60001594
30020204
60001264
60003014
20000314
60003354
60000204
41002804
00079324
00007594
60000704
60002664
60000844
60000654
60000144
90029724
60001394
60002904
20000284
11000174
80022744
60000834
50002654
60002144
60002714
10000634
01024354
60000234
20000374
60001534
60002354
60002764
60000094
50001884
90013174
60003274
60000764
10009474
20000194
60001894
60002314
30029054
60000504
60001184
00037284
60001514
01002414
60003544
30029094
01008924
60001934
60001804
60002744
90011844
10000614
60001734
90031354
60002254
60001124
60000794
60000394
01041944
60001524
90020044
60002934
11000304
01000264
60002924
60002454
60001664
90008684
20000044
01024034
60000464
60001684
60000534
30014214
01022344
60001764
60002194
50001824
60000064
30022064
00001764
60000104
60000344
80063024
60003174
60000324
60000134
60002484
60001364
60001064
01033444
60002594
60000924
10001054
50001334
60003204
01000304
60001624
60001864
80008114
00000474
60000224
20000084
11000144
01001644
11000064
00031784
60000984
60001484
60002124
30020824
60003054
60002524
11000074
50002054
50001844
00003824
80031314
50001904
60000124
60002284
60000674
60001944
60001304
11000294
41000664
60002584
50001504
60000694
60001874
10009294
41002464
60002274
60001024
60000734
60000554
60000034
60001164
60001274
11000164
90028614
90052454
60003554
50001804
60003084
50001644
60000634
60000714
90033014
20000344
10017704
90001364
90001274
60001794
20000334
60002984
00039574
60000414
60003394
60001464
60001204
60000294
50001914
20000224
60003154
90000024
50001244
20000234
50002004
60001784
60000274
01051464
60000364
60002494
60000084
90044274
90010714
01040194
60002554
30012304
90024744
50001744
10002884
90048794
50001444
11000054
60000744
90019914
60000854
30013364
60001054
60003384
11000034
50000164
60003224
90007474
00000594
60001834
60003314
50001224
90052734
30000764
00110034
00040694
60002774
30024114
30022214
30021544
60002804
30018914
01025344
60000264
60002854
60002064
60001404
60000494
50001654
00006974
60001284
80061604
10011954
90033784
60001554
60002564
01025664
50001634
11000134
20000324
00110734
60000964
90049654
60001444
11000314
30033564
60001564
60000254
60002094
01014884
90036354
90038364
11000084
90025774
00037934
60000004
90033334
01032564
90021144
00006434
30034484
00027554
50001294
60001094
90009284
01037404
60000314
60000304
60000194
60001584
00016774
30015694
90043684
20000424
60001254
50001474
60003194
90045814
30000724
60003444
01044394
60003004
60000444
90034234
90040664
60003374
60002784
60001844
60002244
60000614
60001674
30018264
30010614
20000034
80056164
00109504
30010044
60000804
50001944
60002674
80085454
60003264
90043834
90051054
30031224
60002324
50001214
60001714
60003064
60002434
60000184
60002694
60000624
11000014
00034634
00007944
60002864
60000424
60001504
00047744
30010184
90031164
60003034
60000014
60002334
90010344
20000254
60002834
30023404
30004694
60002954
30037914
60003074
60001724
60000944
60002084
30014604
20000024
60003024
30011314
60001044
60002634
90050114
60003324
60002394
60002814
10006154
60000814
00009524
60002604
50001964
60001694
01050644
60002624
50001984
60000934
50002024
50002574
00021364
90002104
11000114
30007164
01001134
60003234
01005794
60003404
60001354
90017134
60000824
50001304
60003414
20000124
60002444
20000414
60001454
60003114
60002224
60002684
80027644
01007874
60001854
00073234
60002734
00075454
60000214
60000664
00108304
60003334
50001994
50001734
90047664
00000724
60001814
60002414
50001264
60002544
10011844
30033224
80080994
90033394
01000914
00044984
60003304
60000894
00023954
40000864
60000164
90049714
60002104
60003184
60003284
11000094
60003534
50001724
10005804
60000384
01053054
00000874
60001614
60001964
60002184
11000254
80038364
90013004
60002844
60000514
50001814
90020904
20000364
60003494
60001744
60000884
60001884
01051594
60002754
60001604
60002114
60001774
30037314
50001194
00111164
30025944
60002154
60000994
60001954
60000754
60002374
60003524
60001654
10000974
01011214
60000024
10016884
50001284
00034234
80011554
00050744
60000454
01001324
50001324
01004774
01008554
60000154
90032344
60000904
60002464
60001595
30020205
60001265
60003015
20000315
60003355
60000205
41002805
00079325
00007595
60000705
60002665
60000845
60000655
60000145
90029725
60001395
60002905
20000285
11000175
80022745
60000835
50002655
60002145
60002715
10000635
01024355
60000235
20000375
60001535
60002355
60002765
60000095
50001885
90013175
60003275
60000765
10009475
20000195
60001895
60002315
30029055
60000505
60001185
00037285
60001515
01002415
60003545
30029095
01008925
60001935
60001805
60002745
90011845
10000615
60001735
90031355
60002255
60001125
60000795
60000395
01041945
60001525
90020045
60002935
11000305
01000265
60002925
60002455
60001665
90008685
20000045
01024035
60000465
60001685
60000535
30014215
01022345
60001765
60002195
50001825
60000065
30022065
00001765
60000105
60000345
80063025
60003175
60000325
60000135
60002485
60001365
60001065
01033445
60002595
60000925
10001055
50001335
60003205
01000305
60001625
60001865
80008115
00000475
60000225
20000085
11000145
01001645
11000065
00031785
60000985
60001485
60002125
30020825
60003055
60002525
11000075
50002055
50001845
00003825
80031315
50001905
60000125
60002285
60000675
60001945
60001305
11000295
41000665
60002585
50001505
60000695
60001875
10009295
41002465
60002275
60001025
60000735
60000555
60000035
60001165
60001275
11000165
90028615
90052455
60003555
50001805
60003085
50001645
60000635
60000715
90033015
20000345
10017705
90001365
90001275
60001795
20000335
60002985
00039575
60000415
60003395
60001465
60001205
60000295
50001915
20000225
60003155
90000025
50001245
20000235
50002005
60001785
60000275
01051465
60000365
60002495
60000085
90044275
90010715
01040195
60002555
30012305
90024745
50001745
10002885
90048795
50001445
11000055
60000745
90019915
60000855
30013365
60001055
60003385
11000035
50000165
60003225
90007475
00000595
60001835
60003315
50001225
90052735
30000765
00110035
00040695
60002775
30024115
30022215
30021545
60002805
30018915
01025345
60000265
60002855
60002065
60001405
60000495
50001655
00006975
60001285
80061605
10011955
90033785
60001555
60002565
01025665
50001635
11000135
20000325
00110735
60000965
90049655
60001445
11000315
30033565
60001565
60000255
60002095
01014885
90036355
90038365
11000085
90025775
00037935
60000005
90033335
01032565
90021145
00006435
30034485
00027555
50001295
60001095
90009285
01037405
60000315
60000305
60000195
60001585
00016775
30015695
90043685
20000425
60001255
50001475
60003195
90045815
30000725
60003445
01044395
60003005
60000445
90034235
90040665
60003375
60002785
60001845
60002245
60000615
60001675
30018265
30010615
20000035
80056165
00109505
30010045
60000805
50001945
60002675
80085455
60003265
90043835
90051055
30031225
60002325
50001215
60001715
60003065
60002435
60000185
60002695
60000625
11000015
00034635
00007945
60002865
60000425
60001505
00047745
30010185
90031165
60003035
60000015
60002335
90010345
20000255
60002835
30023405
30004695
60002955
30037915
60003075
60001725
60000945
60002085
30014605
20000025
60003025
30011315
60001045
60002635
90050115
60003325
60002395
60002815
10006155
60000815
00009525
60002605
50001965
60001695
01050645
60002625
50001985
60000935
50002025
50002575
00021365
90002105
11000115
30007165
01001135
60003235
01005795
60003405
60001355
90017135
60000825
50001305
60003415
20000125
60002445
20000415
60001455
60003115
60002225
60002685
80027645
01007875
60001855
00073235
60002735
00075455
60000215
60000665
00108305
60003335
50001995
50001735
90047665
00000725
60001815
60002415
50001265
60002545
10011845
30033225
80080995
90033395
01000915
00044985
60003305
60000895
00023955
40000865
60000165
90049715
60002105
60003185
60003285
11000095
60003535
50001725
10005805
60000385
01053055
00000875
60001615
60001965
60002185
11000255
80038365
90013005
60002845
60000515
50001815
90020905
20000365
60003495
60001745
60000885
60001885
01051595
60002755
60001605
60002115
60001775
30037315
50001195
00111165
30025945
60002155
60000995
60001955
60000755
60002375
60003525
60001655
10000975
01011215
60000025
10016885
50001285
00034235
80011555
00050745
60000455
01001325
50001325
01004775
01008555
60000155
90032345
60000905
60002465
60001596
30020206
60001266
60003016
20000316
60003356
60000206
41002806
00079326
00007596
60000706
60002666
60000846
60000656
60000146
90029726
60001396
60002906
20000286
11000176
80022746
60000836
50002656
60002146
60002716
10000636
01024356
60000236
20000376
60001536
60002356
60002766
60000096
50001886
90013176
60003276
60000766
10009476
20000196
60001896
60002316
30029056
60000506
60001186
00037286
60001516
01002416
60003546
30029096
01008926
60001936
60001806
60002746
90011846
10000616
60001736
90031356
60002256
60001126
60000796
60000396
01041946
60001526
90020046
60002936
11000306
01000266
60002926
60002456
60001666
90008686
20000046
01024036
60000466
60001686
60000536
30014216
01022346
60001766
60002196
50001826
60000066
30022066
00001766
60000106
60000346
80063026
60003176
60000326
60000136
60002486
60001366
60001066
01033446
60002596
60000926
10001056
50001336
60003206
01000306
60001626
60001866
80008116
00000476
60000226
20000086
11000146
01001646
11000066
00031786
60000986
60001486
60002126
30020826
60003056
60002526
11000076
50002056
50001846
00003826
80031316
50001906
60000126
60002286
60000676
60001946
60001306
11000296
41000666
60002586
50001506
60000696
60001876
10009296
41002466
60002276
60001026
60000736
60000556
60000036
60001166
60001276
11000166
90028616
90052456
60003556
50001806
60003086
50001646
60000636
60000716
90033016
20000346
10017706
90001366
90001276
60001796
20000336
60002986
00039576
60000416
60003396
60001466
60001206
60000296
50001916
20000226
60003156
90000026
50001246
20000236
50002006
60001786
60000276
01051466
60000366
60002496
60000086
90044276
90010716
01040196
60002556
30012306
90024746
50001746
10002886
90048796
50001446
11000056
60000746
90019916
60000856
30013366
60001056
60003386
11000036
50000166
60003226
90007476
00000596
60001836
60003316
50001226
90052736
30000766
00110036
00040696
60002776
30024116
30022216
30021546
60002806
30018916
01025346
60000266
60002856
60002066
60001406
60000496
50001656
00006976
60001286
80061606
10011956
90033786
60001556
60002566
01025666
50001636
11000136
20000326
00110736
60000966
90049656
60001446
11000316
30033566
60001566
60000256
60002096
01014886
90036356
90038366
11000086
90025776
00037936
60000006
90033336
01032566
90021146
00006436
30034486
00027556
50001296
60001096
90009286
01037406
60000316
60000306
60000196
60001586
00016776
30015696
90043686
20000426
60001256
50001476
60003196
90045816
30000726
60003446
01044396
60003006
60000446
90034236
90040666
60003376
60002786
60001846
60002246
60000616
60001676
30018266
30010616
20000036
80056166
00109506
30010046
60000806
50001946
60002676
80085456
60003266
90043836
90051056
30031226
60002326
50001216
60001716
60003066
60002436
60000186
60002696
60000626
11000016
00034636
00007946
60002866
60000426
60001506
00047746
30010186
90031166
60003036
60000016
60002336
90010346
20000256
60002836
30023406
30004696
60002956
30037916
60003076
60001726
60000946
60002086
30014606
20000026
60003026
30011316
60001046
60002636
90050116
60003326
60002396
60002816
10006156
60000816
00009526
60002606
50001966
60001696
01050646
60002626
50001986
60000936
50002026
50002576
00021366
90002106
11000116
30007166
01001136
60003236
01005796
60003406
60001356
90017136
60000826
50001306
60003416
20000126
60002446
20000416
60001456
60003116
60002226
60002686
80027646
01007876
60001856
00073236
60002736
00075456
60000216
60000666
00108306
60003336
50001996
50001736
90047666
00000726
60001816
60002416
50001266
60002546
10011846
30033226
80080996
90033396
01000916
00044986
60003306
60000896
00023956
40000866
60000166
90049716
60002106
60003186
60003286
11000096
60003536
50001726
10005806
60000386
01053056
00000876
60001616
60001966
60002186
11000256
80038366
90013006
60002846
60000516
50001816
90020906
20000366
60003496
60001746
60000886
60001886
01051596
60002756
60001606
60002116
60001776
30037316
50001196
00111166
30025946
60002156
60000996
60001956
60000756
60002376
60003526
60001656
10000976
01011216
60000026
10016886
50001286
00034236
80011556
00050746
60000456
01001326
50001326
01004776
01008556
60000156
90032346
60000906
60002466
60001597
30020207
60001267
60003017
20000317
60003357
60000207
41002807
00079327
00007597
60000707
60002667
60000847
60000657
60000147
90029727
60001397
60002907
20000287
11000177
80022747
60000837
50002657
60002147
60002717
10000637
01024357
60000237
20000377
60001537
60002357
60002767
60000097
50001887
90013177
60003277
60000767
10009477
20000197
60001897
60002317
30029057
60000507
60001187
00037287
60001517
01002417
60003547
30029097
01008927
60001937
60001807
60002747
90011847
10000617
60001737
90031357
60002257
60001127
60000797
60000397
01041947
60001527
90020047
60002937
11000307
01000267
60002927
60002457
60001667
90008687
20000047
01024037
60000467
60001687
60000537
30014217
01022347
60001767
60002197
50001827
60000067
30022067
00001767
60000107
60000347
80063027
60003177
60000327
60000137
60002487
60001367
60001067
01033447
60002597
60000927
10001057
50001337
60003207
01000307
60001627
60001867
80008117
00000477
60000227
20000087
11000147
01001647
11000067
00031787
60000987
60001487
60002127
30020827
60003057
60002527
11000077
50002057
50001847
00003827
80031317
50001907
60000127
60002287
60000677
60001947
60001307
11000297
41000667
60002587
50001507
60000697
60001877
10009297
41002467
60002277
60001027
60000737
60000557
60000037
60001167
60001277
11000167
90028617
90052457
60003557
50001807
60003087
50001647
60000637
60000717
90033017
20000347
10017707
90001367
90001277
60001797
20000337
60002987
00039577
60000417
60003397
60001467
60001207
60000297
50001917
20000227
60003157
90000027
50001247
20000237
50002007
60001787
60000277
01051467
60000367
60002497
60000087
90044277
90010717
01040197
60002557
30012307
90024747
50001747
10002887
90048797
50001447
11000057
60000747
90019917
60000857
30013367
60001057
60003387
11000037
50000167
60003227
90007477
00000597
60001837
60003317
50001227
90052737
30000767
00110037
00040697
60002777
30024117
30022217
30021547
60002807
30018917
01025347
60000267
60002857
60002067
60001407
60000497
50001657
00006977
60001287
80061607
10011957
90033787
60001557
60002567
01025667
50001637
11000137
20000327
00110737
60000967
90049657
60001447
11000317
30033567
60001567
60000257
60002097
01014887
90036357
90038367
11000087
90025777
00037937
60000007
90033337
01032567
90021147
00006437
30034487
00027557
50001297
60001097
90009287
01037407
60000317
60000307
60000197
60001587
00016777
30015697
90043687
20000427
60001257
50001477
60003197
90045817
30000727
60003447
01044397
60003007
60000447
90034237
90040667
60003377
60002787
60001847
60002247
60000617
60001677
30018267
30010617
20000037
80056167
00109507
30010047
60000807
50001947
60002677
80085457
60003267
90043837
90051057
30031227
60002327
50001217
60001717
60003067
60002437
60000187
60002697
60000627
11000017
00034637
00007947
60002867
60000427
60001507
00047747
30010187
90031167
60003037
60000017
60002337
90010347
20000257
60002837
30023407
30004697
60002957
30037917
60003077
60001727
60000947
60002087
30014607
20000027
60003027
30011317
60001047
60002637
90050117
60003327
60002397
60002817
10006157
60000817
00009527
60002607
50001967
60001697
01050647
60002627
50001987
60000937
50002027
50002577
00021367
90002107
11000117
30007167
01001137
60003237
01005797
60003407
60001357
90017137
60000827
50001307
60003417
20000127
60002447
20000417
60001457
60003117
60002227
60002687
80027647
01007877
60001857
00073237
60002737
00075457
60000217
60000667
00108307
60003337
50001997
50001737
90047667
00000727
60001817
60002417
50001267
60002547
10011847
30033227
80080997
90033397
01000917
00044987
60003307
60000897
00023957
40000867
60000167
90049717
60002107
60003187
60003287
11000097
60003537
50001727
10005807
60000387
01053057
00000877
60001617
60001967
60002187
11000257
80038367
90013007
60002847
60000517
50001817
90020907
20000367
60003497
60001747
60000887
60001887
01051597
60002757
60001607
60002117
60001777
30037317
50001197
00111167
30025947
60002157
60000997
60001957
60000757
60002377
60003527
60001657
10000977
01011217
60000027
10016887
50001287
00034237
80011557
00050747
60000457
01001327
50001327
01004777
01008557
60000157
90032347
60000907
60002467
60001598
30020208
60001268
60003018
20000318
60003358
60000208
41002808
00079328
00007598
60000708
60002668
60000848
60000658
60000148
90029728
60001398
60002908
20000288
11000178
80022748
60000838
50002658
60002148
60002718
10000638
01024358
60000238
20000378
60001538
60002358
60002768
60000098
50001888
90013178
60003278
60000768
10009478
20000198
60001898
60002318
30029058
60000508
60001188
00037288
60001518
01002418
60003548
30029098
01008928
60001938
60001808
60002748
90011848
10000618
60001738
90031358
60002258
60001128
60000798
60000398
01041948
60001528
90020048
60002938
11000308
01000268
60002928
60002458
60001668
90008688
20000048
01024038
60000468
60001688
60000538
30014218
01022348
60001768
60002198
50001828
60000068
30022068
00001768
60000108
60000348
80063028
60003178
60000328
60000138
60002488
60001368
60001068
01033448
60002598
60000928
10001058
50001338
60003208
01000308
60001628
60001868
80008118
00000478
60000228
20000088
11000148
01001648
11000068
00031788
60000988
60001488
60002128
30020828
60003058
60002528
11000078
50002058
50001848
00003828
80031318
50001908
60000128
60002288
60000678
60001948
60001308
11000298
41000668
60002588
50001508
60000698
60001878
10009298
41002468
60002278
60001028
60000738
60000558
60000038
60001168
60001278
11000168
90028618
90052458
60003558
50001808
60003088
50001648
60000638
60000718
90033018
20000348
10017708
90001368
90001278
60001798
20000338
60002988
00039578
60000418
60003398
60001468
60001208
60000298
50001918
20000228
60003158
90000028
50001248
20000238
50002008
60001788
60000278
01051468
60000368
60002498
60000088
90044278
90010718
01040198
60002558
30012308
90024748
50001748
10002888
90048798
50001448
11000058
60000748
90019918
60000858
30013368
60001058
60003388
11000038
50000168
60003228
90007478
00000598
60001838
60003318
50001228
90052738
30000768
00110038
00040698
60002778
30024118
30022218
30021548
60002808
30018918
01025348
60000268
60002858
60002068
60001408
60000498
50001658
00006978
60001288
80061608
10011958
90033788
60001558
60002568
01025668
50001638
11000138
20000328
00110738
60000968
90049658
60001448
11000318
30033568
60001568
60000258
60002098
01014888
90036358
90038368
11000088
90025778
00037938
60000008
90033338
01032568
90021148
00006438
30034488
00027558
50001298
60001098
90009288
01037408
60000318
60000308
60000198
60001588
00016778
30015698
90043688
20000428
60001258
50001478
60003198
90045818
30000728
60003448
01044398
60003008
60000448
90034238
90040668
60003378
60002788
60001848
60002248
60000618
60001678
30018268
30010618
20000038
80056168
00109508
30010048
60000808
50001948
60002678
80085458
60003268
90043838
90051058
30031228
60002328
50001218
60001718
60003068
60002438
60000188
60002698
60000628
11000018
00034638
00007948
60002868
60000428
60001508
00047748
30010188
90031168
60003038
60000018
60002338
90010348
20000258
60002838
30023408
30004698
60002958
30037918
60003078
60001728
60000948
60002088
30014608
20000028
60003028
30011318
60001048
60002638
90050118
60003328
60002398
60002818
10006158
60000818
00009528
60002608
50001968
60001698
01050648
60002628
50001988
60000938
50002028
50002578
00021368
90002108
11000118
30007168
01001138
60003238
01005798
60003408
60001358
90017138
60000828
50001308
60003418
20000128
60002448
20000418
60001458
60003118
60002228
60002688
80027648
01007878
60001858
00073238
60002738
00075458
60000218
60000668
00108308
60003338
50001998
50001738
90047668
00000728
60001818
60002418
50001268
60002548
10011848
30033228
80080998
90033398
01000918
00044988
60003308
60000898
00023958
40000868
60000168
90049718
60002108
60003188
60003288
11000098
60003538
50001728
10005808
60000388
01053058
00000878
60001618
60001968
60002188
11000258
80038368
90013008
60002848
60000518
50001818
90020908
20000368
60003498
60001748
60000888
60001888
01051598
60002758
60001608
60002118
60001778
30037318
50001198
00111168
30025948
60002158
60000998
60001958
60000758
60002378
60003528
60001658
10000978
01011218
60000028
10016888
50001288
00034238
80011558
00050748
60000458
01001328
50001328
01004778
01008558
60000158
90032348
60000908
60002468
